2000 8589934592 3999
1987 8589934592 3970
1969 4937232520 3940
1937 5370601256 3910
1929 7500365561 3880
1925 5195168805 3850
1887 6673629056 3820
1885 7773908812 3790
1876 4023881452 3760
1861 4396782874 3730
1826 5957125599 3700
1798 4080109766 3670
1798 4579809831 3640
1772 3358046172 3610
1742 3944481854 3580
1733 2475184694 3550
1707 2272676304 3520
1702 2874369949 3490
1685 3929119490 3460
1666 3813473212 3430
1654 5259008776 3400
1653 5004780839 3370
1636 3455392039 3340
1632 3367089599 3310
1623 2027650016 3280
1615 1706740625 3250
1583 1890637482 3220
1567 2372851386 3190
1563 2123981915 3160
1558 2142480246 3130
1549 2069684101 3100
1540 2861595629 3070
1512 3267768603 3040
1493 1862645062 3010
1483 1760008052 2980
1465 1748851055 2950
1463 1481304883 2920
1439 1774814426 2890
1423 1192941077 2860
1406 1712941302 2830
1391 1094263140 2800
1385 1249905531 2770
1383 850517095 2740
1372 663018859 2710
1345 617825215 2680
1336 837176875 2650
1311 573436760 2620
1290 536870912 2590
1279 746535514 2560
1277 881960747 2530
1276 880128793 2500
1256 1316570917 2470
1249 1075685926 2440
1227 1296825599 2410
1220 1640829548 2380
1211 1351907612 2350
1206 1477536215 2320
1192 1887759737 2290
1179 1149414096 2260
1171 1551577074 2230
1153 1311919914 2200
1135 1893709409 2170
1122 1305478102 2140
1117 829646620 2110
1104 536870912 2080
1094 798857331 2050
1073 931447148 2020
1058 709203905 1990
1043 797977544 1960
1036 852310851 1930
1023 536870912 1900
1022 536870912 1870
1005 730014344 1840
999 700305686 1810
993 881252834 1780
992 1170930821 1750
977 1617457241 1720
972 1244923401 1690
964 1220743676 1660
951 1086988171 1630
937 1563199288 1600
931 913544794 1570
929 964947469 1540
919 1297081781 1510
907 1558910655 1480
905 2177027913 1450
901 2303675152 1420
900 3326769759 1390
899 4006539339 1360
893 3412164211 1330
876 4847488719 1300
875 2823789699 1270
860 1561070715 1240
846 1232229689 1210
830 1709006251 1180
825 2390173068 1150
820 3256526826 1120
815 4227177083 1090
814 2304123907 1060
814 3073707243 1030
809 2134668335 1000
798 1106549612 970
796 1098588612 940
791 1012553858 910
778 1188816706 880
775 1457784499 850
772 2107194227 820
757 1908664120 790
742 1671911022 760
739 2186100635 730
738 3077102430 700
733 4268383732 670
719 2188355179 640
719 1302373611 610
708 1126120260 580
703 1197701555 550
700 1721915436 520
695 2034980728 490
695 1670844253 460
692 2158351144 430
679 3203215616 400
677 3987418472 370
670 5613587209 340
658 6379317248 310
654 7659354966 280
648 4764819389 250
636 5796189335 220
633 4585119613 190
622 2827356683 160
617 2447191586 130
612 2387048661 100
602 1807919109 70
595 2298144686 40
593 2903345329 10
591 1974206827 0
581 1876592779 0
578 1642303639 0
570 2251774109 0
559 1823907373 0
554 2667815317 0
544 1707456576 0
542 1572230009 0
540 2085277576 0
537 2212156883 0
534 2218278295 0
528 1301579836 0
519 941141910 0
512 585236048 0
512 705386760 0
504 690969055 0
501 536870912 0
495 536870912 0
487 536870912 0
484 757904444 0
475 999621559 0
469 1421105905 0
463 1559286438 0
460 2233903947 0
456 3156541494 0
449 2484022194 0
444 3364750324 0
441 2915842970 0
438 3735582794 0
434 3274870251 0
431 4697506809 0
426 5180187891 0
421 3901917253 0
416 2092305185 0
412 3028968363 0
408 2077126505 0
400 2157671553 0
398 2349041400 0
398 2090852245 0
390 1741251445 0
389 1392818504 0
384 891966918 0
381 613306369 0
376 837066135 0
372 1153846949 0
371 1416881591 0
370 988294167 0
369 672446531 0
363 536870912 0
358 697490149 0
352 751492592 0
349 618887983 0
346 536870912 0
346 536870912 0
341 536870912 0
341 752480052 0
338 829506445 0
335 937340714 0
334 983534689 0
331 1075871441 0
326 873520847 0
323 1120249825 0
319 1665737787 0
316 1263715058 0
312 1676708551 0
309 1110274064 0
304 1342591222 0
304 931839578 0
301 1019959407 0
299 1039507944 0
298 1307484578 0
294 1879467447 0
288 1001013238 0
287 676423092 0
283 974922473 0
278 583101810 0
278 536870912 0
274 753378302 0
270 536870912 0
268 536870912 0
267 536870912 0
263 536870912 0
258 603493867 0
256 580192433 0
251 536870912 0
250 536870912 0
245 536870912 0
243 764297005 0
242 1042848715 0
241 1563022457 0
238 2289129282 0
233 2317289144 0
229 2984285218 0
228 1513389647 0
226 855332135 0
225 823097835 0
225 894323869 0
222 627837950 0
218 754661968 0
215 581136392 0
215 536870912 0
213 536870912 0
210 785276221 0
207 1137689857 0
205 1204166452 0
202 996872920 0
202 1183283533 0
201 1773729358 0
198 1545209704 0
197 2013064274 0
195 2715583712 0
192 2005570555 0
190 1046062461 0
188 1460915012 0
187 859854520 0
186 910836691 0
185 696094778 0
184 1027836050 0
181 1269109110 0
179 1753646450 0
179 959104896 0
178 884094431 0
176 648834559 0
174 536870912 0
173 536870912 0
172 789797816 0
172 789570476 0
171 624664878 0
171 728274928 0
170 653318284 0
168 544997749 0
166 548332506 0
163 536870912 0
160 680964593 0
157 841072076 0
155 1093478503 0
152 1289780092 0
150 1817146115 0
148 2000513471 0
147 1509183010 0
144 1758092048 0
144 2261657907 0
143 1293611616 0
142 1484242064 0
139 1985350265 0
138 1931694765 0
136 1943089340 0
134 2132469573 0
134 1939410609 0
133 979025368 0
132 1345402968 0
131 904297795 0
131 749247165 0
129 1080642683 0
128 745350144 0
126 914459343 0
124 571804738 0
122 674291293 0
121 624120379 0
120 783646516 0
120 996668833 0
118 1080236480 0
117 833745112 0
116 1109784156 0
114 1432323147 0
113 1958878305 0
111 2916842004 0
111 2314981410 0
110 1515516616 0
110 1776365870 0
109 1894367445 0
108 1338011933 0
108 1147907809 0
106 849953416 0
105 737539755 0
105 542977016 0
105 536870912 0
103 536870912 0
101 536870912 0
101 561265377 0
100 536870912 0
99 750506051 0
99 1010591928 0
98 988303980 0
97 1020642920 0
96 1054948797 0
95 1521709679 0
93 2000569532 0
93 1762805212 0
92 1175657238 0
91 1343430787 0
91 1526272236 0
90 1619427272 0
89 1087628688 0
88 1174813261 0
87 1032028225 0
85 1343245882 0
85 1477362305 0
84 1100468115 0
83 1100388467 0
82 1251953189 0
82 1692730393 0
81 2332983887 0
80 1825490941 0
80 1328878158 0
79 1526288752 0
78 1174224912 0
77 1394297965 0
75 794383960 0
75 960460626 0
74 1289171712 0
73 1747132185 0
73 1887813216 0
72 2332876516 0
71 2827623567 0
70 3659561465 0
69 2528663732 0
69 1931794309 0
68 2336602342 0
67 1257570437 0
67 1647700518 0
66 1971573486 0
66 2417366221 0
65 2586426274 0
64 1980142037 0
63 1722621124 0
62 1060208048 0
62 640979300 0
62 701092634 0
61 920455340 0
60 738612129 0
59 1039259274 0
59 1419893125 0
58 1355267529 0
58 943822136 0
57 1110918339 0
57 1186696407 0
56 1677223087 0
55 1650239005 0
55 1943109244 0
54 1785837858 0
54 2066740019 0
53 1827264865 0
52 1287360162 0
51 1829860343 0
51 1393117877 0
51 2076714487 0
51 2496388175 0
51 3386072904 0
51 4102576638 0
50 5721931483 0
49 4624428150 0
49 4185740615 0
48 2945674383 0
48 2611051899 0
47 2319114615 0
46 2479455832 0
45 2891693221 0
45 1927272830 0
44 2229359582 0
44 1308396692 0
43 1705404874 0
43 1131804639 0
42 1494241343 0
42 896196577 0
42 1161821383 0
